20
4
47 22 38 38
6
1 31 4 22 8 38
8
24 61 61 14 58 36 45 1
14
41 11 29 16 10 16 29 53 19 4 37 47 46 19
21
16 55 58 21 49 4 47 40 44 16 20 15 54 9 50 58 7 32 53 7 57
34
2016 4254 200 3328 68 900 591 221 365 3786 2543 2768 1167 79 1273 4422 741 4151 1897 365 1561 560 1816 1621 714 442 1723 1733 4709 4894 2388 4899 2968 4893
50
2795 722 571 2256 3707 3840 2492 3769 3252 122 219 2591 2821 832 1038 2717 1052 3041 4533 2143 2762 2713 736 1228 2517 72 2510 3708 3446 3577 3947 1518 709 3992 3249 2180 2361 2200 4011 1507 4812 2764 1302 286 4615 3596 865 3338 1922 3651
66
793 626 1924 4075 2268 1868 1399 447 4938 1942 2414 438 2829 2681 367 2091 407 4399 4926 3190 4352 2387 3024 448 510 815 1076 4495 4749 4052 1550 4115 2711 2333 4685 4088 3622 1909 200 4109 4928 1674 4693 1436 1233 1770 3882 4659 4311 3573 1712 2395 410 2011 3684 2783 43 2384 295 2326 847 3876 337 3429 4771 4544
88
4758 3357 3734 4137 2843 3648 2837 1408 1966 2193 4608 4671 1400 1568 4743 88 1329 2658 951 4278 294 2275 907 4148 2483 3898 1247 3770 730 333 3798 4489 1293 1543 3308 1666 1184 1975 198 841 1459 1810 1968 56 518 292 719 633 2454 19 2025 323 4039 909 1090 1650 1466 4491 729 2200 346 901 2626 4632 153 2184 4452 445 2808 3198 3405 2430 2543 789 1693 4860 1841 2082 3545 1951 2748 3087 81 3558 2343 1859 2956 974
113
2954 3860 4312 2369 1100 4772 443 4221 511 3090 2624 1427 3860 486 3699 1577 2644 3439 3 346 3257 426 2735 4551 1454 784 2619 4813 4092 1659 1699 1097 270 4361 4823 1146 3151 3933 2343 2686 2267 562 2209 3879 3579 3633 745 2447 4509 1677 4224 2770 36 3389 4816 1564 3691 1818 2654 3579 720 2609 1985 69 519 2691 3587 2724 723 819 3830 3041 3188 480 160 1264 4478 1924 3018 1291 4879 2668 3253 1041 4531 736 598 1904 4883 1949 1356 3552 3259 522 2831 1498 4915 4552 1683 3753 993 3702 3813 3352 2812 195 1006 2653 3692 2677 2822 2156 1496
142
125 1377 202 3612 2770 3692 2360 4129 1742 484 3703 3454 1559 2116 4037 2026 3621 2993 3392 1332 2980 3753 3234 4905 27 3685 4169 4744 1444 2425 707 3999 670 1041 1248 3398 1055 1126 4776 2260 2509 569 4463 1482 4887 2574 4933 1749 975 1781 731 176 1979 1454 483 3425 500 3107 4855 4722 431 3066 109 2195 4555 1522 2410 4598 4193 14 940 3204 4906 33 428 4934 1590 2889 1308 2837 1457 2190 1789 950 4227 4517 4077 3833 2552 3928 2399 4801 4781 3928 2682 1081 3004 110 551 3740 3026 1030 4797 3854 1975 4557 4983 1313 117 3140 489 339 2044 1485 2431 2022 2278 1782 4079 3591 3055 956 4495 2940 503 1874 3258 4888 1515 2346 4999 3800 3512 2251 3066 3939 4418 844 3440 2341 4036 2512
206
2506 2704 1411 1052 768 998 1150 2179 71 1852 4024 223 4633 1017 809 1477 1180 1653 455 4467 2778 3480 4145 3792 2409 4591 2233 2725 1038 3449 1129 1794 2573 2145 3304 324 2725 420 957 2246 2530 4918 4026 670 706 3784 2108 4937 3461 2708 3274 1873 3046 1972 4181 3709 4871 3368 1783 4490 2204 3791 511 1889 527 1600 1819 3489 1636 1385 519 3198 2949 1632 2109 3106 3721 4223 4365 3684 2544 277 1240 2006 1786 1867 3487 1979 3681 37 3546 1329 692 74 142 499 1390 3117 165 2506 1510 3989 2204 3356 4560 4953 3121 2877 1372 208 1532 214 2525 352 4032 1252 1341 3166 794 1771 3599 2349 2457 3322 3381 386 558 1352 2171 1632 2262 3183 4723 4831 4405 2431 2579 4659 2086 3103 4188 4505 4120 2256 556 1813 3739 4306 1351 1298 4156 2644 2529 2642 3093 4397 2751 3783 4480 104 4094 4432 597 3568 3716 4248 2074 368 3670 1180 3667 214 1066 2460 898 1161 1934 3659 4856 873 2056 970 2117 1622 895 1674 2973 1259 3578 3057 3956 2108 4832 4463 3906 2790 1527 4080 114 1270 1481 69 4936 1724 3196 2079
361
1091 813 4425 854 1055 4711 2129 4209 2180 4770 3162 3862 1343 1080 3951 3618 2489 955 2490 2677 566 2144 1821 2738 1528 619 2995 1910 250 1619 3093 2829 1962 3655 1505 4841 3094 2105 2881 2228 171 2282 56 2696 3434 390 1354 3100 996 2433 2244 3338 4567 2163 1929 903 4345 3400 919 4275 3484 3899 2386 2098 4203 1340 4431 1234 316 3983 619 2966 1198 4879 1349 2129 1789 3410 114 3279 1500 4047 528 3833 1099 1798 3885 1616 2577 1839 4552 492 1787 653 3679 1148 3053 4644 1835 3401 1344 2665 1577 3686 1661 2089 3347 907 1673 3077 151 891 4754 36 46 3170 257 561 2255 1507 3984 847 3956 1864 3278 1786 542 2467 4241 3504 493 2061 1675 1015 4818 3158 679 905 4873 2356 2454 2334 1449 4175 4765 1568 3254 1548 3474 205 601 944 2887 1192 645 4280 2414 1585 4373 2279 2286 318 2469 288 2516 746 4471 1116 2237 1942 127 461 1979 1277 1824 4572 1566 4508 3520 449 2894 1329 3617 4569 1326 4410 346 4284 3826 2114 4406 2775 2733 1649 3507 4040 3644 809 262 1569 4735 3816 3060 1022 1665 3938 4692 562 3445 1110 1196 2543 4764 2309 1601 2988 2900 126 2467 236 4019 3750 472 957 2149 982 799 2166 3314 4005 288 2261 3668 999 2378 3263 871 4270 765 4361 2481 3864 850 2319 508 4834 2144 3315 4466 3732 3936 1152 4673 4644 234 1487 359 1503 753 330 1119 1445 2173 4135 2788 3196 2160 3224 830 696 2428 1384 4547 1650 730 2152 1191 3902 1206 1396 1671 3706 2593 1167 2107 1796 1958 1070 978 3323 4530 4852 1826 2017 4678 713 4640 2038 1774 2600 2949 2720 1055 4089 3234 2507 1605 4540 285 596 2042 1816 3420 4298 494 4003 49 4982 1203 2378 1415 2946 1432 2171 4845 153 1089 409 1720 550 1501 440 509 3159 4160 898 3695 2475 2385 2097 3134 465 4046 3430 4641 3379 1679 4034 1869 2291 1897 123 1798 2109 516 544 4221 1902 1367 4216 4155
435
3327 3593 3244 2248 1360 905 35 954 3938 1167 850 3183 1958 1183 4714 1085 1694 1399 3771 4086 2615 1025 2408 1145 3314 4782 2314 4760 517 4006 4840 4689 3470 766 1246 1657 1544 873 243 4622 4041 3090 3159 907 2091 3000 4509 3578 114 4843 2949 1149 1285 3959 2821 1797 1896 1902 529 1439 2161 1163 1769 3556 2746 108 1802 2816 998 7 864 997 439 825 1802 1632 4368 1562 614 900 623 149 1086 4846 2285 3743 1699 2329 1808 4894 3146 1011 681 3892 1772 519 4786 3915 146 3220 4354 2603 56 2631 812 595 2994 3828 492 1108 1805 3755 2604 2892 1879 2817 887 1682 1625 4787 4564 4109 1227 706 3644 985 1665 468 1959 3812 669 655 828 1438 3758 1604 3272 184 2647 2953 593 519 4098 2911 4179 4673 415 1382 3018 3719 191 4589 3178 1459 2766 1438 972 3644 2737 49 2601 4143 4692 3280 2523 1160 1215 3364 738 2866 1370 3142 2149 547 2894 1968 4434 3116 2014 1613 1960 3207 2766 1677 4402 2113 450 1102 4399 3243 659 2584 4320 811 3230 4007 3897 1056 4989 655 1563 2935 1698 1051 2225 4887 832 2894 1730 1868 620 1030 3879 369 4101 4901 1494 2263 3896 1274 4622 2494 1111 919 3459 745 4227 4964 2292 55 951 4589 1139 3479 4791 1480 773 4108 3865 2721 2627 1137 3178 3065 1760 3375 1188 2636 4212 1356 4647 3281 3617 2054 3086 1272 2868 1360 2555 4728 2405 2261 2749 1878 3058 843 2577 1212 633 1185 4559 3545 725 1620 255 4206 4243 4494 4332 1625 2750 401 1175 2133 1783 2754 3887 2154 825 3865 15 1089 1284 1416 2880 1530 184 2395 2841 1249 1997 967 4956 831 3360 4501 4348 1317 88 3408 2684 3678 4874 3661 3881 4821 4106 1228 4130 445 955 1028 334 1056 1633 3139 1079 922 1348 4294 830 4574 2408 4013 944 641 1067 827 3183 1014 407 4973 404 3970 1017 889 91 2018 1224 3121 4439 3625 1778 1104 1400 3085 3507 988 3699 2492 4656 956 1489 84 4531 4452 1721 1336 3655 1599 346 1362 4199 916 2732 4973 3650 3933 4599 4146 594 2651 2055 1470 1085 2838 1334 2081 1547 396 2634 4282 1946 591 3385 1425 1686 2124 4265 4645 4668 1608 2421 4639 2281 374 453 2527 3983 4592 3053 310 2560 4210 1993 2124 3710 4837 1879 466 3818 1434 4790 2162 3259 1892 318 3694 4009 972 1632 4590 1922 1671 2382
524
3881 4848 4292 1269 2070 741 3094 242 1234 3332 2144 3196 626 2745 3277 899 4242 829 3487 1213 1299 3160 171 969 1158 638 1579 4035 3816 2064 1405 3017 623 4525 1898 3262 4644 2337 1049 1693 3809 2988 3220 1473 2789 1013 2884 2602 125 1449 1017 4642 3174 3799 2932 3264 320 3174 2793 2269 629 2913 4847 2949 4306 3121 1994 4057 1997 956 1083 219 4064 2893 381 3321 2781 4092 1027 2557 3587 3400 1201 164 743 4194 3672 1574 4438 1843 2071 1918 1370 1288 4470 4754 499 2037 1252 133 3504 2200 123 2691 1807 4048 2658 4749 769 1278 2476 3494 2401 1010 4247 3740 4319 3833 4888 2139 2984 1957 1132 1551 224 2830 386 4680 4722 2992 4488 4163 414 4444 2931 2487 3405 3844 3923 4653 490 2945 1526 1339 370 535 2883 3682 1621 2748 1906 2703 917 1293 2610 2623 1550 2649 1611 4407 4054 1242 1270 3403 4151 4377 402 3949 2947 4905 1104 4280 3624 2783 840 1829 2852 4624 1285 1190 10 1516 119 1978 1989 1786 1656 3944 4349 4707 4994 4887 1600 2899 382 229 778 1998 191 2926 3312 1247 4809 2768 1490 23 1452 1132 3463 3388 4542 2584 2021 2328 519 2947 977 2300 2102 1672 4492 3508 4677 3575 1487 4308 4289 4368 3768 619 3860 1770 3941 1583 2094 1603 2816 1674 1153 1920 1308 3868 3028 3767 1527 1848 1931 2331 913 1395 1996 393 796 1866 405 1128 1100 436 2437 670 3464 1329 264 1569 1994 1552 4231 2394 972 3591 1639 3905 4819 30 3032 3533 3112 1125 1009 587 1388 4024 835 4273 1180 911 291 2475 4382 3715 3491 2405 387 1294 1091 2146 1190 955 1708 1869 1195 2174 4670 4998 683 2236 59 3560 999 678 11 4136 251 2602 97 2064 3741 1779 4741 1277 2998 1274 2564 4126 4697 997 4165 2062 737 2055 1997 1340 1672 4367 2070 4081 1077 1614 3827 113 749 411 4023 1445 837 3705 4943 3176 1215 4988 2533 2705 2940 4400 1214 3809 3425 3691 1838 1382 4172 1276 715 542 2457 427 4031 4840 2504 4610 3274 2343 1401 2469 431 4177 811 1374 285 2135 3745 3300 4738 2894 687 3541 755 1782 1547 946 4831 1671 2751 1970 1532 1565 1014 1153 809 1396 1957 3442 3783 3988 1100 611 522 1035 1093 3808 4716 823 1116 2787 3563 2251 3743 3842 3410 724 912 409 1694 2700 4289 1650 3498 3311 1680 658 493 4908 2451 3949 2721 2206 3165 837 2880 1156 858 599 1042 1238 2751 3367 3514 2153 3406 142 3386 1740 776 272 1044 1276 2091 827 2643 877 4503 1364 2305 4738 795 4436 1138 3743 2253 764 3920 716 306 1572 4057 501 483 2202 4694 2712 4225 4209 1877 2214 34 1504 2098 174 1021 869 2521 1175 3098 1241 2230 4516 2589 2366 2065 2693 1500 3014 660 1859 3431 710 4463 851 3552 3067 39 3312 2315 4204 3754 2954 2223 1152 2438 3675 1429 2841 4290 4004
626
26 2487 416 2000 4739 3451 4713 2258 4286 2936 778 1138 3009 4947 2419 2198 3807 3136 772 4272 1005 4602 175 703 2501 1467 2663 2644 1594 25 1002 3064 3134 859 691 4740 3937 1586 3635 1210 1587 4211 4521 1634 1915 3731 3143 782 3384 436 4255 3570 2512 3696 4254 4551 2312 4147 4224 1359 292 2077 4540 4910 671 3280 113 4455 1196 1976 401 4412 4390 281 413 3842 2902 4453 1834 924 403 2381 578 631 2430 4167 1517 2958 4414 2050 1058 4814 3089 798 633 253 3077 1623 723 3751 726 1260 4443 689 1648 1410 2551 2506 16 391 4610 134 518 4124 2476 2669 2837 4130 3053 2548 2126 640 3805 4282 4362 1787 2367 253 4527 1552 3719 1149 781 4022 4042 4466 1049 2192 885 426 1890 2769 1529 990 3658 4072 4613 2813 4239 1335 1029 2777 3042 3102 2265 3017 3071 3589 3377 1670 167 4754 4999 4922 810 1719 2485 2461 2321 2704 65 778 3348 1916 2567 4434 3487 1658 1886 1712 3954 942 925 3165 720 1412 3703 2956 1064 1083 3372 1328 2179 3942 2387 4788 1541 447 1908 300 624 4589 4435 2027 3261 2800 2170 3708 172 2874 2278 925 4958 2752 3765 1600 225 1337 4542 251 2540 2094 4842 2187 3716 2315 633 1917 2662 1477 4992 366 925 2205 266 1315 1159 564 868 419 4851 1431 2309 3995 2581 3973 3350 3802 357 1902 3134 3039 4589 4086 1354 4503 1666 2402 1419 2228 2909 186 2192 3410 858 2008 758 4468 3920 2761 2500 1238 2930 369 1588 3148 2270 1452 2327 555 1420 922 1992 902 1649 4162 4788 1365 4421 2218 3352 2552 1673 2662 2812 3554 629 2639 3271 4292 3545 1046 1451 1207 786 3218 4954 359 4056 2213 1120 1012 2454 3934 1627 4874 513 1834 2033 1459 4108 804 4737 4475 699 3560 1165 4445 3111 4834 4862 3349 4922 20 3184 4893 3531 4527 4175 4051 4164 4618 3466 1619 3466 3569 639 201 1397 3488 3824 4074 1592 992 269 492 1851 1016 410 3099 984 4816 2282 2341 4754 1154 939 768 549 2643 2412 4098 2866 505 4180 2193 3737 180 629 1349 796 1217 1441 795 4242 1637 2644 2851 4345 4503 4251 2132 127 370 3675 1726 3171 3329 3500 4600 2191 4164 3055 4587 3321 282 3087 2615 4051 679 2356 4765 4168 688 3941 1572 3159 4852 2647 248 3053 3669 1936 4224 694 1999 4649 3407 4883 2833 3500 4989 315 4482 3123 1590 1579 70 1625 1131 3392 2465 740 576 1015 506 1995 4191 3722 1004 1292 3363 4662 3337 490 2119 3267 4000 4973 735 2491 57 1346 1135 511 4478 2629 2091 3270 92 708 3287 16 1730 2630 360 1498 1690 3515 4267 3970 4790 2062 1020 1517 4668 1320 4697 3775 2228 4111 1816 3179 1106 759 2838 4876 4360 4679 594 1915 3517 631 226 3682 3459 105 444 361 4358 3030 3015 2286 1393 1522 99 3314 1765 307 902 274 3028 2917 665 2019 1187 1002 2194 1474 4823 3144 4748 1154 2617 3931 1460 4583 3124 1101 836 3003 1574 2307 1181 1951 2022 2010 88 2637 605 2177 2511 1163 3768 2481 1050 1971 685 2419 2436 2640 4819 3288 2487 1979 2071 2527 1028 487 4989 1554 760 2178 1043 4194 1180 3821 3908 4485 3532 3886 2340 2204 1362 2508 607 282 419 578 1855 362 1322 3912 4862 1768 4892 502 1736 43 1876 1826 4340 3257 4192 220 2341 388 2724 4184 308 4603 3885 4884 2761 1740 432 179 194 3497 3204 505 1594 1800 2750 632 3717
750
3861 1751 1261 3728 3025 1205 1263 229 4565 2759 4721 3438 381 3881 393 4960 2156 4188 2536 4636 624 398 979 482 1230 4248 3479 719 3437 2864 1073 3434 4550 4344 4756 1867 1012 2951 2436 885 1625 71 3411 2087 2706 4711 4410 4877 1588 4153 3739 1340 3479 862 4340 2845 4961 1705 1255 1321 582 2729 2407 1967 359 3595 621 241 1888 2488 3012 2774 1583 2755 1650 100 770 4062 32 2315 1983 644 3188 818 4850 3026 325 2572 3139 3986 702 3475 4614 696 3783 1809 4015 2817 2736 1474 2045 2224 3959 646 2302 1483 76 2589 2963 1645 1315 2764 1766 4350 3170 1095 3321 2096 2036 1311 3473 4987 2789 4614 4731 659 2239 1729 4638 608 2332 1758 4489 2399 4981 813 3038 1679 1146 3771 3759 2238 1051 3805 751 2941 1094 3139 253 1113 3546 2269 2301 588 2532 4042 2911 3812 1856 1518 508 4250 2994 763 6 3853 4517 3380 4975 4679 740 806 3173 1216 1303 2440 1220 1075 25 1485 3621 3182 3199 1911 2886 1421 2835 702 4978 4713 2146 4761 138 2469 3962 1732 4923 258 281 3939 1226 4339 3786 2726 4534 2323 2337 533 2381 4318 2072 4150 3641 2542 4771 492 956 3495 4490 4250 1762 2988 1892 2761 3431 979 1828 1383 3880 2582 951 4105 2366 2660 1403 970 4480 4368 3687 435 4832 2992 542 3253 4378 192 1845 989 4168 336 2872 2912 2409 1628 3616 3920 2219 4170 5000 2773 2598 697 1712 4287 363 4160 3761 1618 2429 3453 1393 523 4407 1631 2786 3323 4903 3806 3975 1242 1569 4689 4014 621 4910 920 4108 4355 3031 3420 845 1901 4572 1235 1483 3684 4114 2041 2218 3159 1109 1819 1929 2429 3330 685 2347 1295 3672 2815 1679 1274 1903 211 764 420 4498 4522 3361 3980 1553 2088 780 3871 1611 2501 154 4217 4978 3717 4415 3721 2095 4538 4342 4344 3519 2585 1818 978 846 555 2518 437 1379 844 1626 2755 3020 3921 2871 1499 940 1677 4110 1197 1601 4557 2419 4365 707 822 1416 1071 1435 1747 343 2716 3824 4515 4447 3588 3735 2122 2252 1341 4828 910 224 1018 2332 2901 638 3335 3501 3981 3024 2100 4672 837 639 3633 4286 4202 2172 921 2329 4180 1453 2250 2252 4571 834 3284 1894 1515 3144 2615 4546 4480 4765 2170 370 1382 3397 3009 710 1703 1533 2839 2568 371 1982 4781 4554 619 4685 321 218 407 4624 1442 2044 65 1699 2794 3184 33 3963 3918 2526 4841 4115 3883 615 4348 1622 1761 3734 3995 4300 3684 2575 4489 1816 4360 583 4888 377 1493 3853 4594 3848 2579 63 293 649 3328 1551 4569 2214 928 4383 4499 1720 700 4858 4615 2287 4622 3438 297 1108 1243 4759 653 2013 2178 3374 2201 257 1837 298 3207 4084 1206 101 999 877 4660 1482 2620 1903 349 965 2405 3917 4573 436 3367 1105 2648 2612 2657 4094 3997 264 3625 3180 4069 3086 4733 453 90 4929 3845 4030 3354 3950 4375 3463 46 3009 1746 239 2142 2280 1191 2162 2096 2996 1316 4756 152 443 3412 514 3906 3544 3764 199 2422 1807 1646 516 3468 1435 1403 1652 1616 4259 4597 1839 1311 2245 2339 1469 595 2497 1009 262 2266 1498 311 4727 238 3576 3576 2744 4265 1833 4262 1148 2352 1321 779 1280 2754 1280 1379 887 144 3371 2289 4557 3758 309 392 811 4947 3247 691 4378 3726 3214 2262 172 4801 2821 3382 3279 779 3442 3910 3379 529 341 4725 4231 3908 4238 2636 2175 273 1094 4524 3056 4028 4938 2495 4983 998 3091 3285 4095 2522 425 4683 2281 690 1449 2279 1969 4327 2228 4334 2982 1881 4506 1986 3746 835 3935 3566 1923 435 861 3124 3898 1169 3874 2538 1674 3342 1980 3287 811 4342 4258 148 983 2385 4124 1161 1548 4894 2590 4453 4780 2361 1385 3051 1553 3775 3466 929 3581 2319 4103 3594 457 4404 3175 2775 612 4288 98 2177 1046 2283 1385 1835 4942 3781 2439 2909 4873 408 8 2091 100 1713 2704 2624 1732 3144 312 2085 1027 869 3108 2887 1766 2598 4977 3296 1957 3247 1253 2884 1978 1313 4023 750 1558 3102 3217 1316 1616 668 2738 2369 3471 2936 2657 4625 3482 1764 4727 1690
764
789 4218 2628 2531 2450 3484 445 158 1116 4829 1284 2846 2792 4350 2059 3019 32 4241 4700 645 3638 2861 3749 3478 4843 1752 2474 2798 2298 3772 2259 4439 737 2349 240 3098 2264 2169 4043 4625 2302 4449 1821 3311 4888 576 1891 1453 2146 3425 2034 639 4395 3902 4281 2998 4460 3158 2038 1959 4458 1438 2427 2364 3516 4452 1402 17 1399 4464 2823 2305 2656 4691 2269 4786 1185 2500 1948 2791 3216 73 3458 1693 1364 811 1999 3816 2778 1222 3349 2326 1783 2615 2631 620 4518 1382 2809 856 340 1470 505 2999 4275 2459 4037 1239 204 523 4221 3712 232 1400 514 1831 2057 1477 1432 4379 2644 3895 743 1939 3434 870 4288 383 2335 2252 3086 2399 1394 3397 4122 4337 759 1216 460 3623 2817 4149 2319 423 1692 647 1677 1597 4106 3964 1578 966 2339 2386 1021 1358 4227 2180 2124 3965 2063 3894 552 646 4752 2861 1249 3480 3907 451 1803 3800 552 3593 2089 270 2058 2077 2344 215 2494 439 3592 459 2719 3927 678 360 1865 3233 3645 439 301 235 2687 813 725 4886 7 2029 2561 139 256 1155 1752 944 459 2892 4531 3211 2077 1125 94 3247 863 2569 2840 1773 2603 1863 1406 1516 2435 547 155 3459 4435 4564 1978 4135 2362 2806 3223 1817 4941 3753 419 161 2670 1297 4350 3129 3435 1983 4898 4907 2865 2608 2726 2972 2146 1309 2488 229 389 4027 695 3472 2133 547 1295 2680 2524 308 2742 2508 4674 1104 135 917 4504 3557 4957 1398 2066 4125 2250 4276 1845 416 2208 2829 3821 584 408 2214 4947 2285 2498 40 4580 3858 2116 4466 3549 1328 3398 797 2429 2473 2373 1452 2292 576 1294 3610 1619 1407 2614 3153 3900 2505 1551 2672 1836 3025 2814 4948 4093 4027 4875 115 1969 3274 4697 1381 4035 489 3438 1291 3112 3037 3725 3485 1207 3858 4810 4686 4901 1366 1574 747 132 4379 2524 4852 1789 3953 242 554 1891 787 876 4978 4186 2321 4413 4416 896 782 3688 1320 1323 2723 903 72 3667 507 153 4498 1113 216 4833 369 496 982 1164 4978 2282 135 2812 1326 2414 1935 2819 4164 817 3744 2297 2508 1587 2497 4866 305 820 138 202 2214 935 4924 4011 4477 1917 1695 3216 2740 485 1251 4482 2986 2 2018 3531 1432 3582 206 1225 3234 606 1200 1734 928 1877 4289 269 392 2829 876 3575 2247 2587 4875 1807 4312 3675 449 2131 1524 605 256 3221 3763 2406 340 528 4681 1625 632 886 1540 4223 863 2921 2893 845 4878 3625 4749 4966 4744 326 3218 976 961 4935 251 1907 3112 410 4488 743 3134 2396 4293 2805 1212 4283 2824 553 1613 330 1689 4806 4823 21 4026 2579 816 2934 871 2309 230 4879 2816 1765 3847 1289 1261 1291 530 1468 1809 3027 1158 224 1513 2511 498 396 3951 4917 4381 4589 1778 4115 2151 1241 1824 552 4791 4931 3975 3564 2806 4010 2833 1698 2563 270 638 3973 1 1075 3302 3434 4590 1961 1687 1461 1046 2354 4627 350 2464 1894 4766 1372 3902 2676 3423 2706 4019 90 301 2666 4392 2382 3004 2528 1207 2246 4399 1256 268 2885 3960 2947 3136 1063 4334 1517 1616 3231 2223 3562 3294 286 798 499 2046 2775 3366 1372 1316 385 416 480 3892 4781 2705 4854 4473 4088 2888 1373 2595 3443 3414 1398 491 2489 2231 2546 2952 1753 2584 740 1063 469 1578 1807 534 642 4142 3347 98 1529 2072 2028 3890 573 3185 4820 2123 1942 1936 2251 3621 3877 401 4164 2022 473 4713 2497 14 3465 3433 217 1635 187 2601 305 2534 2733 1806 4817 1613 2970 2886 4264 3954 4783 868 1347 4516 2382 632 3746 2508 435 2137 2163 2627 2445 3837 4556 4210 2335 4360 2571 4866 1456 4851 2928 2662 2319 3127 1973 2173 659 3194 1068 100 4787 1817 2202 2612 4025 2391 2107 2631 2252 4405 1862 33 2342 3755 3834 3933 1915 133 4457 4517 3955 3105 3540 286 3866 3976 4319 4227 1518 2123 3783 2561 312 1737 161 2435 1455 1118 1580 510 3049 934 3570 3104 604 802 4603 4021 876 2929 307 2178 2173 931 701 2918 3652 3170 1904 4749 4505 2058 2377 783 3976 3739 4616 2841 760 1741 4503 722 2202 2859 4841 3000 4174 1178 3600 2995
817
3801 157 3843 616 2667 4982 1040 3145 1294 715 3232 246 1157 486 4650 3069 2515 3085 4304 3737 749 337 4888 1055 1808 1945 2027 230 270 4400 1518 1790 1402 500 1591 3061 1124 3585 890 1837 4849 1229 4453 1794 4058 1261 3840 322 2641 2432 2545 1654 1399 466 3527 2113 2145 3332 4750 2590 3076 746 987 1159 1414 1045 368 2523 1519 786 1697 4095 3473 1018 2176 4600 876 140 1022 3472 3853 48 860 2480 2863 1125 41 1157 1378 2678 100 4702 875 2672 340 1452 2285 175 981 931 1799 3713 807 4384 805 659 4026 1755 1611 2995 3916 855 2639 197 1879 352 4319 1282 180 3052 3731 3358 4532 1013 212 969 1553 2254 3005 1337 4048 3468 1833 942 146 4039 2725 4094 827 2369 2120 3841 2594 446 3264 512 898 1501 3566 4657 2585 606 2813 4886 4311 2532 1790 1183 2793 2165 880 813 615 4111 655 2497 2298 1805 4498 868 3211 1042 721 912 1712 4862 3303 3687 2487 2647 1404 3115 480 3498 4471 4069 3901 754 1546 2001 1278 3352 3757 2714 3771 91 1992 3155 2201 1066 859 590 2777 4472 2665 2191 2117 1358 876 3019 484 1536 2258 3270 3280 1585 633 3315 2038 968 1807 168 2646 3159 2797 4520 4804 4665 2036 3602 2142 2613 393 698 2094 3768 125 4343 938 2367 2952 4637 4163 1933 247 3187 1683 3826 1539 2864 2890 2253 4061 2802 4354 1340 2471 3775 2042 2113 2836 4279 2296 4110 2762 1465 3002 2676 4439 3246 4263 2193 3738 2499 2602 1401 4188 2915 4807 2126 2974 3556 3200 1410 2260 4008 4514 4516 27 3087 2012 2738 1671 4307 192 3398 4872 4300 1077 4892 1638 3997 2228 315 4058 1167 314 2986 2055 1180 1357 260 4033 1295 146 4567 2285 2642 1358 4490 1561 1200 2747 637 2749 4788 1246 725 243 138 3399 2904 2450 3140 89 3086 1977 263 1082 1296 1522 928 157 1645 4357 4817 2406 3339 4175 704 4933 2700 946 4154 1015 3161 4439 1044 458 978 2401 3282 248 2991 3996 1972 1525 4265 4942 2245 196 4196 4421 4317 3454 4873 1897 3994 2933 903 2666 2715 1481 2458 365 3589 624 919 4804 4305 3483 3150 956 3102 1175 4689 859 4931 4265 2252 2641 704 1678 2806 4510 2725 4778 3175 149 3226 2879 386 4423 1873 1288 21 2547 1746 3046 1078 1068 1093 563 4177 1059 4565 2237 3559 1783 1211 4461 625 843 3760 521 4805 3015 1743 1079 4424 921 2514 4899 4781 269 596 3067 3517 1298 3159 2328 1295 2920 1071 2056 3402 3943 3239 458 1185 209 1986 81 4830 859 2900 3221 1130 2551 3411 4430 1131 2102 224 3155 4799 3492 514 2346 3481 3204 733 2416 786 3671 887 3979 2041 847 4219 2134 174 3736 1578 2517 2723 81 4678 546 3740 431 3985 3719 985 4355 4254 3309 2177 1541 2477 2540 2322 929 2973 2596 4254 4633 1405 4164 3719 4627 4275 1760 4159 4660 4593 2208 1801 3677 4013 3695 2852 894 1168 1258 1313 3888 1402 1994 211 3791 3244 2723 2623 2143 2909 2053 2964 742 2705 1098 1700 379 1934 3106 2795 4438 3785 788 1968 128 889 3678 2474 2876 2418 3942 1316 222 766 4577 2148 1546 2630 1013 4377 3904 2479 2547 3667 1631 3547 623 3887 2048 1861 906 1763 1989 1657 1703 2767 1225 354 4701 405 1705 3334 3789 370 1724 4272 700 1101 3039 3061 3955 1679 508 913 4037 1908 1627 211 929 1129 1353 3782 1937 534 2625 2161 3522 3918 4305 3593 2477 4933 2942 2037 701 2490 4002 4450 3202 2365 1197 2248 4909 4338 2329 3045 221 4254 1451 2121 3097 3377 3863 258 1175 1301 1355 3465 2701 4247 2782 1852 1454 371 3002 3093 1935 4101 1513 1659 4730 1101 876 1583 658 730 2521 3770 4065 530 2054 3453 3327 2992 153 4449 2331 584 113 185 815 520 83 1444 2583 359 1302 2519 4866 3498 4256 4090 597 4652 1092 3906 2572 478 3083 3584 1738 2119 780 2599 2402 4742 4111 4580 3391 3158 534 1153 1793 3609 1245 4282 554 3488 1416 2779 1992 4154 2775 2769 923 2459 2790 4041 4369 4006 1560 1351 3680 894 1901 3864 4532 802 3473 2241 1073 4824 639 4417 1916 4563 1318 644 3789 2143 3314 1090 391 4180 926 2087 4027 4449 2145 1028 426 2452 3271 463 1834 2519 2154 4070 739 2452 984 4089 834 4637 3686 2241 350 4069 3661 339 2217 3035 4964 578 3337 1329 878 3732 2503 3807 1190 2588 2471 1053 4616 448 1346 913 4666 3723 4936 1150 2699 4613 4098 446 4322 1105 4151 224 4946
979
1877 1529 3197 1996 1841 951 892 1018 913 2138 127 2683 3545 1305 477 3844 1149 2522 552 3118 3770 1050 491 3266 1501 2775 1501 460 868 1260 3884 415 3652 1029 2443 2474 699 2884 2758 2514 2559 4059 1237 320 4502 2059 4671 60 4456 1764 3633 1738 3633 3670 4720 3332 19 2040 1787 2032 3396 4318 3420 531 2708 1752 881 4374 3738 1841 1366 873 2439 4894 2525 53 2435 4776 1992 2526 958 1659 3414 1433 586 1767 1661 3361 943 1486 3616 2625 151 4760 2849 1549 1796 1492 647 1177 406 528 723 31 241 4306 1496 1403 1438 2056 1226 2545 4401 3093 2120 954 3259 1565 836 218 3033 4187 4891 1181 3029 2856 616 2388 1187 1999 3518 2442 1287 3687 862 3620 1565 1545 1989 4433 1209 3538 4946 3350 3280 4843 1615 4597 3654 791 21 462 2033 1101 3693 2190 1758 4847 124 3360 4299 4610 1982 4970 4797 4263 2839 1129 2299 4281 790 3055 3739 4832 1218 2868 4771 3037 1706 506 1602 2607 3552 3118 136 541 2741 684 3899 2941 2403 4474 2067 2477 4862 4944 2185 4472 965 2277 1475 2003 1552 1190 2155 816 2434 955 2498 1690 769 4602 4767 515 4020 3065 4284 1475 1628 6 2610 4154 669 2665 1875 2711 3391 3556 4761 265 1113 945 2878 2086 3109 4373 2419 4571 1474 3859 4837 2172 2893 1117 3644 684 2273 951 102 1919 2889 4044 3884 933 2468 1797 4787 3706 1745 2542 2206 796 1874 1243 4506 4796 3397 2612 554 3449 2240 829 1612 3737 1806 4825 1563 786 184 3280 1894 3848 933 534 3778 2767 829 3198 1619 44 3202 255 2033 2791 3937 374 2504 2211 3295 299 416 3538 4663 1968 1327 2458 3107 3816 4683 2764 1185 4021 1485 519 2576 2221 4482 4576 2578 4053 1868 3126 685 2286 4048 643 2941 767 1073 2069 2788 4067 1461 4661 2461 2613 4470 599 2573 2257 2532 2300 4195 4069 4377 844 1505 2392 2718 1088 563 4545 4244 4472 56 307 4197 3016 1087 2320 2555 4456 2572 4395 3745 2611 2611 4491 3513 4472 2851 1557 4702 3272 4159 1248 3060 1623 1585 951 1340 231 888 1250 1676 3489 1284 1535 1254 77 3830 784 4048 2349 1910 2308 4620 2988 3112 1794 1841 1044 1766 2506 849 1601 2580 311 932 1472 1319 2811 2734 1437 3448 441 4076 2475 2280 2033 3525 732 3188 4375 790 3307 778 4373 2574 4592 2988 106 356 4637 1782 3138 1766 1943 1451 2937 1147 2431 1620 1195 3187 2873 1931 317 37 4 2293 105 985 2619 3894 1005 1079 548 3794 470 624 2191 57 244 340 2457 2 2565 2771 2154 3787 2734 1072 3355 3040 2639 1282 1980 2746 471 4597 1381 4050 135 369 4347 14 515 1354 1870 4675 3791 2920 2593 2620 4415 1127 4065 938 978 3089 4897 1397 3007 1755 3757 770 1991 669 4398 3861 3493 2550 958 1080 356 4551 4332 3332 1369 39 194 88 3073 3679 3573 544 1755 2967 1373 975 3577 3705 1037 4345 1218 1227 2733 2410 4108 3899 2271 4267 3369 134 975 3158 1240 1466 3654 4959 29 2006 1328 1334 363 2718 1644 1947 3329 2554 4180 4441 1642 4505 2407 1486 1762 3970 2267 201 461 284 2014 1213 3242 39 1023 3629 4337 1882 3200 3728 2121 1342 1200 4360 3253 4915 2590 973 2664 3570 2408 4767 1998 4907 645 4932 3724 3679 2231 3791 3067 3040 3245 738 953 4168 815 1549 4513 4935 2060 31 2428 1353 2553 4748 2648 752 3163 23 1912 3910 3327 3330 2548 461 3359 589 3122 3266 4312 235 3949 2679 4850 2139 1805 3641 719 77 4943 4289 824 2515 2663 2327 4324 3258 2763 771 3851 3057 1225 2918 4330 2842 1740 4017 1359 4846 131 4859 3087 1230 1747 4777 1686 3503 4726 1025 2919 2014 1579 4745 1589 3620 4232 2694 2266 2523 590 1654 1645 2290 1612 4153 697 4494 3031 1790 4723 658 4624 2034 1020 343 2341 3815 649 1175 3341 874 2487 871 1454 1165 2419 4043 3242 1175 4480 4815 1970 2376 42 3195 2080 2625 2291 3046 4259 59 572 1999 1167 4816 695 4087 996 3799 1298 2523 1504 1419 4615 1497 4375 1782 3417 2736 2186 2402 265 349 517 1977 3506 2803 2494 2557 1866 1203 507 706 922 1101 722 211 1512 3078 2447 2106 3003 3706 1162 2876 4614 1683 3999 1588 2353 746 1026 223 2964 3446 3162 1169 3005 3635 717 2925 2292 1309 700 3442 365 3453 3945 4444 3526 3107 278 1177 3866 1909 24 2446 2917 558 1756 16 4569 3538 1113 3239 3808 1369 142 1887 3243 2003 3237 850 1026 3115 3776 3043 1693 1103 3418 2420 1915 2374 4154 4050 192 4803 1660 471 4540 2961 4624 488 842 4208 1263 3192 4150 4951 1707 509 3195 242 1774 3202 1716 3246 286 421 1433 4354 4192 3793 1973 952 978 3831 325 3853 4869 2048 2387 2837 3427 2566 1220 3035 4453 1580 462 1272 256 171 39 3944 1673 3302 1522 3501 3023 3248 3155 2303 4936 1901 3581 1321 4270 4758 809 2082 2611 4257 18 4842 1227 3641 4487 4627 3354 4113 4336 3747 2126 2375 2453 263 741 1454 4331 2553 1393 868 857 4533 4019 4294 2274 3369 2559 601 2459 235 4775 2859 2808 4431 2706 1168 3162 1849 4798 2953 4716 432 803 4226 622 1836 3714 3875 2545 4250 4815 4921 580 4421 2274 2742 942 3854 3220 3495 4829 2847 3176 60 1254 3309 3087 973 3502 3589 314 4475 665 96 2553 124 3465 2329 2257 1531 2522 2079